158
179
196
215
229
251
263
287
298
323
348
360
383
394
404
416
443
455
479
492
504
516
538
549
571
594
605
636
648
671
683
696
709
730
742
763
775
787
801
821
834
858
871
882
895
921
932
956
987
1011
1023
1047
1059
1069
1085
1109
1121
1145
1167
1180
1203
1215
1237
1250
1262
1274
1298
1310
1332
1342
1356
1368
1390
1405
1429
1441
1453
1466
1486
1499
1534
1557
1580
1591
1615
1626
1639
1655
1689
1711
1722
1734
1746
1771
1782
1806
1819
1832
1842
1861
1874
1896
1920
1932
1970
2007
2032
2064
2090
2101
2113
2127
2150
2162
2186
2198
2209
2221
2243
2253
2280
2292
2304
2316
2336
2348
2372
2383
2396
2409
2433
2444
2466
2479
2504
2527
2539
2562
2573
2585
2598
2621
2633
2657
2682
2695
2718
2730
2751
2763
2776
2788
2812
2824
2846
2857
2871
2884
2910
2921
2944
2957
2969
2981
3002
3014
3034
3046
3059
3072
3096
3108
3131
3143
3156
3169
3192
3204
3225
3237
3249
3263
3286
3298
3324
3335
3346
3357
3377
3391
3412
3437
3462
3473
3485
3512
3522
3535
3558
3569
3580
3608
3627
3633
3640
3667
3679
3700
3712
3725
3737
3755
3770
3781
3798
3818
3832
3854
3866
3888
3900
3913
3925
3943
3961
3984
3996
4010
4021
4045
4058
4080
4091
4104
4114
4129
4146
4160
4178
4191
4207
4214
4242
4265
4276
4304
4325
4337
4355
4369
4380
4404
4421
4428
4433
4441
4449
4473
4483
4495
4516
4529
4551
4565
4581
4588
4610
4623
4644
4656
4668
4679
4701
4713
4735
4748
4760
4772
4799
4812
4841
4853
4877
4891
4905
4919
4935
4951
4968
5004
5014
5038
5058
5077
5094
5118
5131
5158
5182
5193
5218
5229
5254
5277
5289
5312
5324
5345
5367
5380
5405
5416
5428
5443
5466
5479
5503
5514
5537
5549
5560
5574
5596
5608
5621
5633
5647
5657
5668
5690
5702
5713
5725
5736
5747
5759
5783
5796
5808
5829
5842
5853
5875
5888
5913
5931
5941
5954
5978
5989
6010
6027
6037
6048
6072
6085
6106
6118
6129
6140
6163
6176
6188
6201
6225
6245
6273
6295
6316
6330
6352
6366
6379
6391
6414
6420
6425
6450
6472
6486
6509
6515
6520
6542
6555
6568
6580
6601
6609
6614
6636
6636
6657
6658
6678
6688
6711
6722
6743
6765
6777
6800
6824
6836
6858
6872
6884
6896
6917
6930
6941
6956
6978
6991
7013
