74
126
178
233
283
337
384
436
491
543
593
648
698
753
801
854
907
956
1013
1064
1119
1172
1219
1272
1323
1374
1425
1479
1535
1585
1638
1693
1744
1791
1846
1898
1951
2005
2054
2110
2161
2214
2267
2319
2370
2423
2474
2526
2576
2627
2680
2737
2787
2840
2891
2941
2995
3047
3100
3151
3203
3259
3308
3364
3412
3463
3517
3569
3620
3671
3726
3778
3792
3879
3990
4038
4088
4142
4194
4248
4299
4352
4405
4455
4505
4557
4612
4624
4713
4827
4849
4874
4900
4924
4951
4977
5003
5029
5058
5085
5108
5136
5162
5185
5211
5239
5253
5265
5279
5290
5303
5314
5326
5338
5356
5370
5382
5396
5406
5419
5430
5447
5461
5475
5489
5502
5514
5527
5539
5552
5565
5578
5591
5603
5615
5628
5641
5655
5668
5682
5695
5710
5724
5735
5747
5760
5772
5785
5799
5814
5827
5839
5851
5864
5879
5891
5905
5919
5933
5946
5958
5970
5984
5997
6010
6022
6036
6050
6063
6076
6088
6102
6115
6127
6137
6150
6164
6177
6190
6202
6216
6229
6242
6258
6270
6285
6299
6314
6326
6338
6350
6362
6375
6386
6398
6411
6425
6438
6450
6463
6476
6491
6502
6515
6527
6541
6555
6569
6581
6595
6609
6622
6634
6647
6659
6672
6685
6699
6711
6726
6738
6751
6767
6779
6793
6806
6818
6831
6844
6856
6869
6882
6894
6909
6921
6935
6946
6958
6971
6985
6998
7011
7024
7035
7049
7061
7074
7091
7105
7119
7132
7144
7158
7172
7185
7197
7210
7224
7236
7248
7261
7275
7287
7299
7311
7323
7337
7350
7363
7385
7408
7421
7434
7445
7457
7470
7482
7494
7506
7518
7534
7549
7562
7573
7587
7599
7612
7626
7640
7653
7666
7679
7692
7704
7717
7729
7743
7772
7794
7818
7846
7859
7872
7885
7898
7913
7925
7939
7952
7979
8005
8029
8056
8069
8083
8095
8108
8122
8136
8148
8163
8187
8211
8236
8254
8266
8278
8291
8303
8317
8330
8342
8356
8370
8383
8395
8408
8422
8435
8447
8458
8472
8485
8497
8510
8524
8537
8552
8566
8595
8625
8651
8681
8695
8707
8720
8734
8749
8761
8774
8782
8786
8817
8841
8863
8889
8917
8944
8969
8983
8990
8995
9025
9049
9070
9098
9124
9149
9177
9192
9200
9207
9234
9258
9283
9307
9321
9334
9347
9359
9373
9386
9399
9412
9426
9438
9451
9465
9478
9494
9507
9519
9530
9543
9555
9569
9583
9597
9609
9618
9624
9633
9650
9667
9678
9689
9701
9712
9724
9737
9750
9762
9777
9790
9804
9816
9831
9844
9856
9871
9884
9897
9909
9921
9934
9948
9962
9974
9987
10000
10012
10027
10035
10037
